1 0.01 -0.6376628333824145 5.41
2 0.04 -0.6038865781552966 5.41
3 0.06999999999999999 -0.5709191474014709 5.41
4 0.09999999999999999 -0.5387029098918982 5.41
5 0.13 -0.5071897833785877 5.41
6 0.16 -0.4763395428306792 5.41
7 0.19 -0.4461185088272842 5.41
8 0.22 -0.4164985178143045 5.41
9 0.25 -0.3874561045424453 5.41
10 0.28 -0.35897184641219027 5.41
11 0.31 -0.3310298328708118 5.41
12 0.33999999999999997 -0.30361723244498035 5.41
13 0.37 -0.27672393673445234 5.41
14 0.4 -0.25034226557576006 5.41
15 0.43 -0.2244667211669689 5.41
16 0.45999999999999996 -0.19909378160221358 5.41
17 0.49 -0.17422172625670165 5.41
18 0.52 -0.14985048696964684 5.41
19 0.55 -0.12598152012168023 5.41
20 0.58 -0.10261769558603875 5.41
21 0.61 -0.07976319921548741 5.41
22 0.64 -0.05742344605820648 5.41
23 0.6699999999999999 -0.03560500191199736 5.41
24 0.7 -0.014315511154558485 5.41
25 0.73 0.0064363709507582224 5.41
26 0.76 0.026641043062953392 5.41
27 0.79 0.04628802110029928 5.41
28 0.82 0.06536600137388929 5.41
29 0.85 0.08386292465597556 5.41
30 0.88 0.10176604220214149 5.41
31 0.9099999999999999 0.119061984631379 5.41
32 0.94 0.13573683445182952 5.41
33 0.97 0.15177620289767177 5.41
34 1.0 0.16716531161055015 5.41
35 1.03 0.18188907955399286 5.41
36 1.06 0.19593221538940306 5.41
37 1.09 0.20927931536637256 5.41
38 1.1199999999999999 0.2219149665884467 5.41
39 1.15 0.23382385530957359 5.41
40 1.18 0.24499087969927327 5.41
41 1.21 0.2554012662905771 5.41
42 1.24 0.26504068909999173 5.41
43 1.27 0.2738953901905532 5.41
44 1.3 0.28195230024601 5.41
45 1.3299999999999998 0.2891991575456558 5.41
46 1.3599999999999999 0.295624623585 5.41
47 1.39 0.3012183934867052 5.41
48 1.42 0.3059712992974436 5.41
49 1.45 0.30987540427633253 5.41
50 1.48 0.3129240863538096 5.41
51 1.51 0.31511210907780685 5.41
52 1.54 0.31643567856511057 5.41
53 1.57 0.3168924852347045 5.41
54 1.5999999999999999 0.3164817294081118 5.41
55 1.63 0.31520413020774807 5.41
56 1.66 0.31306191755414803 5.41
57 1.69 0.31005880744118997 5.41
58 1.72 0.3061999610391455 5.41
59 1.75 0.3014919285229994 5.41
60 1.78 0.2959425788340357 5.41
61 1.8099999999999998 0.28956101684444374 5.41
62 1.8399999999999999 0.28235748959897394 5.41
63 1.8699999999999999 0.27434328344907793 5.41
64 1.9 0.2655306139716078 5.41
65 1.93 0.2559325105774135 5.41
66 1.96 0.24556269766937974 5.41
67 1.99 0.2344354741112324 5.41
68 2.0199999999999996 0.2225655926262038 5.41
69 2.05 0.2099681405676953 5.41
70 2.0799999999999996 0.1966584233021136 5.41
71 2.11 0.18265185122643837 5.41
72 2.1399999999999997 0.1679638312184581 5.41
73 2.17 0.15260966309339075 5.41
74 2.1999999999999997 0.13660444142294892 5.41
75 2.2299999999999995 0.11996296286630036 5.41
76 2.26 0.10269963896996757 5.41
77 2.2899999999999996 0.08482841421701072 5.41
78 2.32 0.0663626889451342 5.41
79 2.3499999999999996 0.047315246607686774 5.41
80 2.38 0.02769818471879409 5.41
81 2.4099999999999997 0.007522848701178224 5.41
82 2.4399999999999995 -0.013200232261315878 5.41
83 2.4699999999999998 -0.03446140837937149 5.41
84 2.4999999999999996 -0.05625197255366349 5.41
85 2.53 -0.07856422507059678 5.41
86 2.5599999999999996 -0.10139154110505227 5.41
87 2.59 -0.12472844260931447 5.41
88 2.6199999999999997 -0.14857067637640306 5.41
89 2.6499999999999995 -0.17291530032466476 5.41
90 2.6799999999999997 -0.19776078037482783 5.41
91 2.7099999999999995 -0.22310710070158427 5.41
92 2.7399999999999998 -0.24895589066610158 5.41
93 2.7699999999999996 -0.2753105724093801 5.41
94 2.8 -0.3021765339570362 5.41
95 2.8299999999999996 -0.3295613338189835 5.41
96 2.86 -0.35747494455246087 5.41
97 2.8899999999999997 -0.38593004471908 5.41
98 2.9199999999999995 -0.41494237128321226 5.41
99 2.9499999999999997 -0.4445311480238692 5.41
100 2.9799999999999995 -0.47471961033453286 5.41
101 3.01 -0.5055356534106291 5.41
102 3.0399999999999996 -0.5370126400922455 5.41
103 3.07 -0.5691904177951947 5.41
104 3.0999999999999996 -0.6021166129867742 5.41
105 3.13 -0.6358482996748708 5.41
106 3.1599999999999997 -0.6704541805073584 5.41
107 3.1899999999999995 -0.7060174839526699 5.41
108 3.2199999999999998 -0.7426398836334726 5.41
109 3.2499999999999996 -0.780446913149325 5.41
110 3.28 -0.8195956320532815 5.41
111 3.3099999999999996 -0.8602857948009927 5.41
112 3.34 -0.9027766886708467 5.41
113 3.3699999999999997 -0.9474135888600872 5.41
114 3.3999999999999995 -0.9946715001347398 5.41
115 3.4299999999999997 -1.045232317388583 5.41
116 3.4599999999999995 -1.100133023434977 5.41
117 3.4899999999999998 -1.1610858159047792 5.41
118 3.5199999999999996 -1.231302071655593 5.41
119 3.55 -1.3183554571093443 5.41
120 3.5799999999999996 -1.455499559117645 5.41
121 5.859999999999999 -1.3739592933917792 5.41
122 5.89 -1.2712350781312909 5.41
123 5.92 -1.194212088658392 5.41
124 5.949999999999999 -1.1292535247010378 5.41
125 5.9799999999999995 -1.0716490695075875 5.41
126 6.01 -1.0191112631099666 5.41
127 6.039999999999999 -0.9703289123241362 5.41
128 6.069999999999999 -0.9244707608916316 5.41
129 6.1 -0.8809726580057008 5.41
130 6.13 -0.8394324366522763 5.41
131 6.159999999999999 -0.799552588513685 5.41
132 6.1899999999999995 -0.7611066130918985 5.41
133 6.22 -0.7239181019745035 5.41
134 6.25 -0.6878471305121693 5.41
135 6.279999999999999 -0.6527810662466219 5.41

