0.001	9.999998333363166e-7
0.002	3.999997333303605e-6
0.003	8.999986499723168e-6
0.004	0.00001599995733178258
0.005	0.000024999895827435302
0.006	0.000035999783982374224
0.007	0.0000489995997888837
0.008	0.00006399931723429672
0.009000000000000001	0.00008099890629922595
0.010000000000000002	0.00009999833295553634
0.011	0.00012099755916404229
0.012	0.0001439965428718737
0.013000000000000001	0.00016899523800970826
0.014000000000000002	0.000195993594488538
0.015	0.0002249915581963507
0.016	0.0002559890709943963
0.017	0.0002889860707132712
0.018000000000000002	0.0003239824911486932
0.019000000000000003	0.0003609782620569901
0.02	0.0003999733091503351
0.021	0.0004409675540917527
0.022000000000000002	0.0004839609144897337
0.023	0.0005289533038926998
0.024	0.0005759446317831056
0.025	0.0006249348035713166
0.026000000000000002	0.0006759237205892458
0.027000000000000003	0.0007289112800835648
0.028	0.0007838973752088653
0.029	0.0008408818950203217
0.030000000000000002	0.0008998647244662619
0.031	0.0009608457443803251
0.032	0.0010238248314734274
0.033	0.0010888018583254536
0.034	0.001155776693376603
0.035	0.0012247492009185065
0.036000000000000004	0.0012957192410851049
0.037000000000000005	0.0013686866698431484
0.038	0.001443651338982548
0.039	0.0015206130961063
0.04	0.0015995717846203038
0.041	0.0016805272437227163
0.042	0.0017634793083932253
0.043000000000000003	0.0018484278093818505
0.044000000000000004	0.0019353725731976249
0.045	0.0020243134220968894
0.046	0.0021152501740713723
0.047	0.002208182642835943
0.048	0.0023031106378161364
0.049	0.0024000339641353273
0.05	0.0024989524226017414
0.051000000000000004	0.0025998658096949684
0.052000000000000005	0.002702773917552531
0.053000000000000005	0.0028076765339557627
0.054	0.0029145734423157823
0.055	0.0030234644216589096
0.056	0.0031343492466119633
0.057	0.0032472276873871976
0.058	0.003362099509766975
0.059000000000000004	0.0034789644750881353
0.060000000000000005	0.003597822340226144
0.061	0.0037186728575788796
0.062	0.0038415157750501337
0.063	0.003966350836032925
0.064	0.004093177779392403
0.065	0.004221996339448505
0.066	0.0043528062459584245
0.067	0.004485607224098573
0.068	0.004620398994446527
0.069	0.004757181272962407
0.07	0.004895953770970204
0.07100000000000001	0.005036716195138659
0.07200000000000001	0.00517946824746196
0.07300000000000001	0.005324209625239984
0.074	0.005470940021058473
0.075	0.005619659122768786
0.076	0.005770366613467249
0.077	0.005923062171474508
0.078	0.006077745470314297
0.079	0.0062344161786920815
0.08	0.0063930739604733085
0.081	0.006553718474661439
0.082	0.006716349375375668
0.083	0.006880966311828234
0.084	0.007047568928301669
0.085	0.007216156864125479
0.08600000000000001	0.007386729753652701
0.08700000000000001	0.0075592872262361535
0.08800000000000001	0.007733828906204236
0.089	0.007910354412836641
0.09	0.008088863360339643
0.091	0.008269355357821008
0.092	0.008451830009264827
0.093	0.008636286913505792
0.094	0.008822725664203371
0.095	0.009011145849815556
0.096	0.009201547053572345
0.097	0.009393928853448918
0.098	0.009588290822138508
0.099	0.009784632527024925
0.1	0.009982953530154897
0.101	0.010183253388209898
0.10200000000000001	0.01038553165247783
0.10300000000000001	0.010589787868824365
0.10400000000000001	0.010796021577663902
0.10500000000000001	0.011004232313930315
0.106	0.011214419607047287
0.107	0.01142658298089841
0.108	0.01164072195379693
0.109	0.011856836038455183
0.11	0.012074924741953732
0.111	0.01229498756571013
0.112	0.012517024005447493
0.113	0.012741033551162583
0.114	0.012967015687093707
0.115	0.013194969891688241
0.116	0.01342489563756983
0.117	0.013656792391505301
0.11800000000000001	0.013890659614371205
0.11900000000000001	0.014126496761120062
0.12000000000000001	0.014364303280746334
0.121	0.014604078616251934
0.122	0.014845822204611586
0.123	0.015089533476737704
0.124	0.015335211857445047
0.125	0.01558285676541498
0.126	0.015832467613159477
0.127	0.01608404380698472
0.128	0.016337584746954417
0.129	0.016593089826852758
0.13	0.01685055843414708
0.131	0.017109989949950152
0.132	0.017371383748982165
0.133	0.01763473919953233
0.134	0.01790005566342026
0.135	0.018167332495956874
0.136	0.018436569045905016
0.137	0.018707764655439826
0.138	0.018980918660108634
0.139	0.01925603038879057
0.14	0.019533099163655893
0.14100000000000001	0.019812124300124852
0.14200000000000002	0.020093105106826367
0.14300000000000002	0.020376040885556213
0.14400000000000002	0.02066093093123492
0.14500000000000002	0.020947774531865398
0.146	0.02123657096849009
0.147	0.021527319515147907
0.148	0.02182001943883067
0.149	0.022114669999439375
0.15	0.022411270449739937
0.151	0.02270982003531875
0.152	0.023010317994537753
0.153	0.02331276355848924
0.154	0.023617155950950267
0.155	0.023923494388336745
0.156	0.024231778079657127
0.157	0.02454200622646581
0.158	0.024854178022816142
0.159	0.025168292655213018
0.16	0.025484349302565268
0.161	0.025802347136137525
0.162	0.026122285319501823
0.163	0.026444163008488824
0.164	0.0267679793511387
0.165	0.02709373348765158
0.166	0.027421424550337782
0.167	0.02775105166356742
0.168	0.028082613943720018
0.169	0.028416110499133413
0.17	0.02875154043005252
0.171	0.029088902828577613
0.17200000000000001	0.02942819677861225
0.17300000000000001	0.02976942135581092
0.17400000000000002	0.03011257562752622
0.17500000000000002	0.030457658652755702
0.17600000000000002	0.030804669482088362
0.177	0.0311536071576507
0.178	0.03150447071305264
0.179	0.03185725917333257
0.18	0.03221197155490263
0.181	0.03256860686549318
0.182	0.03292716410409709
0.183	0.03328764226091361
0.184	0.033650040317291866
0.185	0.03401435724567392
0.186	0.03438059200953765
0.187	0.03474874356333892
0.188	0.035118810852453775
0.189	0.03549079281311987
0.19	0.035864688372377815
0.191	0.036240496448011986
0.192	0.03661821594849098
0.193	0.036997845772907725
0.194	0.03737938481091915
0.195	0.03776283194268555
0.196	0.03814818603880951
0.197	0.038535445960274486
0.198	0.03892461055838288
0.199	0.03931567867469394
0.2	0.03970864914096112
0.201	0.040103520779069105
0.202	0.0405002924009704
0.203	0.04089896280862165
0.20400000000000001	0.04129953079391942
0.20500000000000002	0.04170199513863571
0.20600000000000002	0.042106354614353025
0.20700000000000002	0.04251260798239909
0.20800000000000002	0.04292075399378107
0.20900000000000002	0.04333079138911962
0.21	0.04374271889858225
0.211	0.04415653524181666
0.212	0.04457223912788329
0.213	0.04498982925518778
0.214	0.04540930431141291
0.215	0.045830662973450134
0.216	0.046253903907330876
0.217	0.04667902576815717
0.218	0.047106027200032166
0.219	0.047534906835990105
0.22	0.0479656632979259
0.221	0.04839829519652436
0.222	0.04883280113118911
0.223	0.04926917968997088
0.224	0.049707429449495695
0.225	0.050147548974892334
0.226	0.05058953681971985
0.227	0.05103339152589417
0.228	0.05147911162361471
0.229	0.051926695631290445
0.23	0.05237614205546555
0.231	0.05282744939074474
0.232	0.05328061611971806
0.233	0.05373564071288557
0.234	0.054192521628581326
0.23500000000000001	0.054651257312897064
0.23600000000000002	0.05511184619960575
0.23700000000000002	0.05557428671008421
0.23800000000000002	0.05603857725323591
0.23900000000000002	0.056504716225413046
0.24000000000000002	0.056972702010338244
0.241	0.05744253297902605
0.242	0.057914207489703794
0.243	0.058387723887732286
0.244	0.0588630805055259
0.245	0.059340275662472554
0.246	0.05981930766485295
0.247	0.06030017480575982
0.248	0.06078287536501635
0.249	0.061267407609094666
0.25	0.06175376979103354
0.251	0.06224196015035598
0.252	0.06273197691298635
0.253	0.06322381829116705
0.254	0.06371748248337487
0.255	0.06421296767423701
0.256	0.06471027203444653
0.257	0.06520939372067774
0.258	0.06571033087550088
0.259	0.06621308162729661
0.26	0.06671764409017003
0.261	0.0672240163638646
0.262	0.0677321965336751
0.263	0.06824218267036085
0.264	0.06875397283005816
0.265	0.06926756505419265
0.266	0.06978295736939089
0.267	0.07030014778739212
0.268	0.07081913430495905
0.269	0.07133991490378896
0.27	0.07186248755042365
0.271	0.07238685019612817
0.272	0.07291300077692589
0.273	0.0734409372133209
0.274	0.07397065741033064
0.275	0.07450215925736364
0.276	0.07503544062812799
0.277	0.07557049938053902
0.278	0.0761073333566269
0.279	0.07664594038244382
0.28	0.07718631826797091
0.281	0.07772846480702449
0.28200000000000003	0.07827237777716248
0.28300000000000003	0.07881805493959015
0.28400000000000003	0.07936549403906545
0.28500000000000003	0.07991469280380431
0.28600000000000003	0.08046564894538547
0.28700000000000003	0.0810183601586548
0.28800000000000003	0.08157282412162958
0.28900000000000003	0.0821290384954024
0.29	0.08268700092404442
0.291	0.08324670903450898
0.292	0.08380816043653397
0.293	0.08437135272254488
0.294	0.08493628346755669
0.295	0.08550295022907611
0.296	0.08607135054700303
0.297	0.08664148194353198
0.298	0.08721334192305308
0.299	0.08778692797205298
0.3	0.08836223755901516
0.301	0.08893926813432024
0.302	0.08951801713014575
0.303	0.09009848196036596
0.304	0.09068066002045105
0.305	0.09126454868736619
0.306	0.09185014531947053
0.307	0.09243744725641555
0.308	0.09302645181904352
0.309	0.09361715630928537
0.31	0.09420955801005859
0.311	0.09480365418516477
0.312	0.09539944207918682
0.313	0.09599691891738614
0.314	0.09659608190559928
0.315	0.0971969282301347
0.316	0.09779945505766913
0.317	0.09840365953514357
0.318	0.09900953878965948
0.319	0.09961708992837427
0.32	0.10022631003839692
0.321	0.10083719618668346
0.322	0.1014497454199319
0.323	0.10206395476447722
0.324	0.10267982122618625
0.325	0.10329734179035222
0.326	0.10391651342158907
0.327	0.10453733306372587
0.328	0.10515979763970085
0.329	0.10578390405145534
0.33	0.10640964917982756
0.331	0.1070370298844463
0.332	0.10766604300362445
0.333	0.10829668535425249
0.334	0.10892895373169151
0.335	0.10956284490966672
0.336	0.11019835564016014
0.337	0.11083548265330391
0.338	0.11147422265727291
0.339	0.11211457233817765
0.34	0.11275652835995689
0.341	0.11340008736427035
0.342	0.11404524597039116
0.343	0.11469200077509858
0.34400000000000003	0.11534034835200148
0.34500000000000003	0.11599028525366906
0.34600000000000003	0.11664180800821902
0.34700000000000003	0.11729491312137869
0.34800000000000003	0.11794959707584318
0.34900000000000003	0.11860585633116798
0.35000000000000003	0.11926368732366115
0.35100000000000003	0.11992308646627575
0.35200000000000004	0.12058405014850201
0.353	0.12124657473626
0.354	0.1219106565717919
0.355	0.1225762919735544
0.356	0.12324347723611133
0.357	0.12391220863002617
0.358	0.12458248240175476
0.359	0.1252542947735381
0.36	0.1259276419432949
0.361	0.12660252008451484
0.362	0.12727892534615148
0.363	0.12795685385251532
0.364	0.12863630170316737
0.365	0.12931726497281218
0.366	0.12999973971119191
0.367	0.13068372194297967
0.368	0.13136920766767363
0.369	0.13205619285949124
0.37	0.13274467346726346
0.371	0.13343464541432914
0.372	0.13412610459842988
0.373	0.13481904689160512
0.374	0.13551346814008733
0.375	0.1362093641641971
0.376	0.1369067307582395
0.377	0.13760556369039972
0.378	0.13830585870263923
0.379	0.139007611510593
0.38	0.13971081780346567
0.381	0.1404154732439295
0.382	0.14112157346802168
0.383	0.14182911408504195
0.384	0.14253809067745166
0.385	0.14324849880077195
0.386	0.143960333983483
0.387	0.14467359172692357
0.388	0.14538826750519104
0.389	0.14610435676504158
0.39	0.1468218549257911
0.391	0.14754075737921674
0.392	0.14826105948945817
0.393	0.14898275659292043
0.394	0.14970584399817635
0.395	0.15043031698587
0.396	0.15115617080862048
0.397	0.15188340069092648
0.398	0.15261200182907095
0.399	0.15334196939102715
0.4	0.15407329851636437
0.401	0.15480598431615494
0.402	0.15554002187288168
0.403	0.15627540624034586
0.404	0.157012132443576
0.405	0.15775019547873742
0.406	0.1584895903130422
0.40700000000000003	0.15923031188466003
0.40800000000000003	0.15997235510263003
0.40900000000000003	0.16071571484677283
0.41000000000000003	0.1614603859676037
0.41100000000000003	0.1622063632862467
0.41200000000000003	0.162953641594349
0.41300000000000003	0.1637022156539967
0.41400000000000003	0.1644520801953014
0.41500000000000004	0.16520322992561884
0.41600000000000004	0.16595565951554403
0.41700000000000004	0.16670936360809094
0.418	0.16746433681630296
0.419	0.16822057372317395
0.42	0.16897806888156977
0.421	0.16973681681415106
0.422	0.1704968120132972
0.423	0.17125804894103103
0.424	0.17202052202894447
0.425	0.1727842256781257
0.426	0.17354915425908668
0.427	0.1743153021116927
0.428	0.17508266354509186
0.429	0.17585123283764692
0.43	0.17662100423686733
0.431	0.17739197195934303
0.432	0.1781641301906791
0.433	0.17893747308543173
0.434	0.17971199476704566
0.435	0.1804876893277924
0.436	0.18126455082871007
0.437	0.1820425732995446
0.438	0.1828217507386918
0.439	0.18360207711314153
0.44	0.1843835463584224
0.441	0.18516615237968925
0.442	0.18594988904696858
0.443	0.1867347502023612
0.444	0.18752072965503003
0.445	0.18830782118242378
0.446	0.18909601853023017
0.447	0.189885315412332
0.448	0.19067570551076313
0.449	0.1914671824756674
0.45	0.19225973992525863
0.451	0.19305337144578164
0.452	0.1938480705914762
0.453	0.19464383088454162
0.454	0.19544064581510318
0.455	0.19623850884118055
0.456	0.197037413388658
0.457	0.197837352851256
0.458	0.19863832059050457
0.459	0.1994403099357192
0.46	0.2002433141839775
0.461	0.2010473266000986
0.462	0.2018523404166241
0.463	0.20265834883380043
0.464	0.2034653450195644
0.465	0.20427332210952925
0.466	0.20508227320697364
0.467	0.20589219138283232
0.468	0.2067030696756889
0.46900000000000003	0.2075149010917705
0.47000000000000003	0.20832767860494472
0.47100000000000003	0.20914139515671862
0.47200000000000003	0.20995604365623954
0.47300000000000003	0.2107716169802989
0.47400000000000003	0.21158810797333702
0.47500000000000003	0.21240550944745096
0.47600000000000003	0.21322381418240455
0.47700000000000004	0.21404301492564023
0.47800000000000004	0.21486310439229367
0.47900000000000004	0.2156840752652101
0.48000000000000004	0.2165059201949638
0.481	0.21732863179987894
0.482	0.2181522026660538
0.483	0.21897662534738666
0.484	0.2198018923656045
0.485	0.22062799621029372
0.486	0.22145492933893418
0.487	0.22228268417693486
0.488	0.22311125311767246
0.489	0.2239406285225327
0.49	0.22477080272095368
0.491	0.22560176801047252
0.492	0.22643351665677405
0.493	0.22726604089374253
0.494	0.22809933292351592
0.495	0.2289333849165427
0.496	0.2297681890116418
0.497	0.23060373731606476
0.498	0.23144002190556134
0.499	0.23227703482444745
0.5	0.2331147680856757
0.501	0.2339532136709095
0.502	0.23479236353059962
0.503	0.23563220958406356
0.504	0.23647274371956806
0.505	0.23731395779441455
0.506	0.23815584363502723
0.507	0.23899839303704487
0.508	0.23984159776541486
0.509	0.24068544955449056
0.51	0.24152994010813206
0.511	0.24237506109980966
0.512	0.24322080417271033
0.513	0.24406716093984782
0.514	0.24491412298417542
0.515	0.2457616818587023
0.516	0.24660982908661278
0.517	0.24745855616138862
0.518	0.24830785454693546
0.519	0.24915771567771122
0.52	0.250008130958859
0.521	0.25085909176634236
0.522	0.2517105894470844
0.523	0.2525626153191106
0.524	0.2534151606716937
0.525	0.2542682167655031
0.526	0.2551217748327579
0.527	0.2559758260773819
0.528	0.25683036167516393
0.529	0.2576853727739197
0.53	0.2585408504936587
0.531	0.25939678592675414
0.532	0.2602531701381157
0.533	0.26110999416536673
0.534	0.2619672490190245
0.535	0.2628249256820457
0.536	0.2636830151125277
0.537	0.26454150824018713
0.538	0.2654003959689927
0.539	0.2662596691767626
0.54	0.2671193187153664
0.541	0.26797933541093144
0.542	0.2688397100640515
0.543	0.26970043344999955
0.544	0.2705614963189453
0.545	0.271422889396175
0.546	0.2722846033823155
0.547	0.27314662895356245
0.548	0.2740089567619113
0.549	0.27487157743539303
0.55	0.2757344815783132
0.551	0.2765976597714944
0.552	0.27746110257252327
0.553	0.2783248005160004
0.554	0.2791887441137951
0.555	0.2800529238553028
0.556	0.28091733020770665
0.557	0.2817819536162442
0.558	0.2826467845044752
0.559	0.2835118132745561
0.56	0.2843770303075162
0.561	0.28524242596353866
0.562	0.2861079905822458
0.5630000000000001	0.28697371448298636
0.5640000000000001	0.28783958796512904
0.5650000000000001	0.2887056013083578
0.5660000000000001	0.2895717447729722
0.5670000000000001	0.29043800860019087
0.5680000000000001	0.29130438301245976
0.5690000000000001	0.292170858213763
0.5700000000000001	0.293037424389938
0.5710000000000001	0.29390407170899574
0.5720000000000001	0.2947707903214421
0.5730000000000001	0.29563757036060573
0.5740000000000001	0.29650440194296784
0.5750000000000001	0.2973712751684975
0.5760000000000001	0.29823818012098857
0.5770000000000001	0.2991051068684025
0.578	0.29997204546321365
0.579	0.30083898594275915
0.58	0.30170591832959126
0.581	0.30257283263183543
0.582	0.30343971884355025
0.583	0.30430656694509217
0.584	0.3051733669034836
0.585	0.3060401086727852
0.586	0.3069067821944703
0.587	0.30777337739780575
0.588	0.30863988420023336
0.589	0.309506292507757
0.59	0.31037259221533287
0.591	0.3112387732072628
0.592	0.31210482535759243
0.593	0.3129707385305109
0.594	0.3138365025807561
0.595	0.3147021073540226
0.596	0.31556754268737286
0.597	0.3164327984096521
0.598	0.317297864341907
0.599	0.31816273021195407
0.6	0.31902738599886804
0.601	0.31989182141648753
0.602	0.3207560262589175
0.603	0.3216199903146067
0.604	0.3224837033667861
0.605	0.323347155193911
0.606	0.3242103355701056
0.607	0.3250732342656116
0.608	0.32593584112186963
0.609	0.32679814575145766
0.61	0.3276601379921684
0.611	0.32852180760325966
0.612	0.3293831443423946
0.613	0.33024413796610885
0.614	0.33110477823027984
0.615	0.3319650548905999
0.616	0.33282495770305054
0.617	0.3336844764243819
0.618	0.3345436008125934
0.619	0.335402320627417
0.62	0.33626062563080467
0.621	0.33711850558741663
0.622	0.3379759502651136
0.623	0.33883294943545106
0.624	0.33968949287417627
0.625	0.3405455703617273
0.626	0.3414011716837347
0.627	0.3422562866315265
0.628	0.3431109050026335
0.629	0.3439650166012992
0.63	0.3448186112389895
0.631	0.3456716787349071
0.632	0.34652420891650626
0.633	0.34737619162000954
0.634	0.3482276166909286
0.635	0.349078473984584
0.636	0.34992875336662976
0.637	0.35077844471357733
0.638	0.3516275379133229
0.639	0.35247602286567636
0.64	0.3533238894828909
0.641	0.3541711276901953
0.642	0.35501772742632737
0.643	0.3558636786440686
0.644	0.35670897131078044
0.645	0.3575535954089428
0.646	0.3583975409366918
0.647	0.35924079790836094
0.648	0.3600833563550223
0.649	0.3609252063250288
0.65	0.361766337884558
0.651	0.3626067411181565
0.652	0.36344640612928564
0.653	0.3642853230408673
0.654	0.36512348199583144
0.655	0.3659608731576631
0.656	0.36679748671095214
0.657	0.3676333128619406
0.658	0.36846834029325765
0.659	0.36930256219264473
0.66	0.3701359692998595
0.661	0.3709685483563644
0.662	0.3718002913858166
0.663	0.37263118873592554
0.664	0.37346123077990623
0.665	0.3742904079170295
0.666	0.37511871057317264
0.667	0.3759461292013707
0.668	0.37677265428236595
0.669	0.3775982763251586
0.67	0.3784229858675558
0.671	0.37924677347672164
0.672	0.3800696297497244
0.673	0.3808915453140863
0.674	0.38171251082832947
0.675	0.3825325169825227
0.676	0.38335155449882735
0.677	0.384169614132042
0.678	0.384986686670146
0.679	0.38580276293484256
0.68	0.3866178337820996
0.681	0.3874318901026902
0.682	0.3882449228227316
0.683	0.38905692290422267
0.684	0.38986788134557976
0.685	0.39067778918217144
0.686	0.3914866374868511
0.687	0.392294417370488
0.6880000000000001	0.3931011199824966
0.6890000000000001	0.39390673651136426
0.6900000000000001	0.3947112581851764
0.6910000000000001	0.3955146762721401
0.6920000000000001	0.39631698208110555
0.6930000000000001	0.3971181669620852
0.6940000000000001	0.39791822230676993
0.6950000000000001	0.398717139549045
0.6960000000000001	0.3995149101655009
0.6970000000000001	0.4003115256759438
0.6980000000000001	0.4011069776439019
0.6990000000000001	0.4019012576771306
0.7000000000000001	0.40269435742811377
0.7010000000000001	0.4034862685945627
0.7020000000000001	0.40427698291991165
0.7030000000000001	0.405066492193812
0.7040000000000001	0.40585478825262117
0.705	0.4066418629798896
0.706	0.4074277083068455
0.707	0.4082123162128739
0.708	0.40899567872599474
0.709	0.4097777879233361
0.71	0.410558635931605
0.711	0.4113382149275532
0.712	0.4121165171384412
0.713	0.41289353484249675
0.714	0.4136692603693713
0.715	0.4144436861005911
0.716	0.4152168044700055
0.717	0.4159886079642303
0.718	0.4167590891230886
0.719	0.41752824054004556
0.72	0.41829605486264043
0.721	0.4190625247906927
0.722	0.4198276430854194
0.723	0.42059140255709904
0.724	0.4213537960737991
0.725	0.422114816559755
0.726	0.422874456995775
0.727	0.42363271041963957
0.728	0.4243895699264989
0.729	0.4251450286692632
0.73	0.42589907985898845
0.731	0.4266517167652596
0.732	0.4274029327165654
0.733	0.4281527211006707
0.734	0.4289010753649829
0.735	0.4296479890169138
0.736	0.43039345562423514
0.737	0.4311374688154304
0.738	0.4318800222800402
0.739	0.43262110976900325
0.74	0.4333607250949914
0.741	0.4340988621327395
0.742	0.43483551481936966
0.743	0.43557067715471065
0.744	0.4363043432016106
0.745	0.4370365070862453
0.746	0.4377671629984201
0.747	0.43849630519840854
0.748	0.4392239279918221
0.749	0.4399500257669948
0.75	0.4406745929711691
0.751	0.4413976241166435
0.752	0.44211911378103996
0.753	0.4428390566075661
0.754	0.44355744730527114
0.755	0.44427428064929525
0.756	0.4449895514811141
0.757	0.44570325470877664
0.758	0.44641538530713687
0.759	0.44712593831808023
0.76	0.4478349088507421
0.761	0.44854229205969115
0.762	0.44924808323286414
0.763	0.44995227766105417
0.764	0.4506548707245074
0.765	0.4513558578717252
0.766	0.45205523461964614
0.767	0.4527529964782455
0.768	0.4534491392537482
0.769	0.4541436586672053
0.77	0.4548365503620708
0.771	0.45552781021261113
0.772	0.45621743427174233
0.773	0.4569054184799633
0.774	0.4575917589075216
0.775	0.4582764516944649
0.776	0.45895949305076167
0.777	0.4596408792564126
0.778	0.46032060666155955
0.779	0.4609986716865843
0.78	0.4616750708222035
0.781	0.46234980062955594
0.782	0.46302285774028396
0.783	0.46369423885660876
0.784	0.4643639407513988
0.785	0.46503196032325145
0.786	0.4656982943750331
0.787	0.4663629399483439
0.788	0.4670258940992017
0.789	0.46768715395451965
0.79	0.46834671671213557
0.791	0.4690045796408372
0.792	0.46966074008037945
0.793	0.4703151954414967
0.794	0.47096794320590746
0.795	0.47161898092631416
0.796	0.4722683062263955
0.797	0.47291591680079365
0.798	0.4735618104150947
0.799	0.4742059849058029
0.8	0.474848438180309
0.801	0.47548916821685316
0.802	0.4761281730644799
0.803	0.47676545084298994
0.804	0.4774009997428835
0.805	0.4780348180252993
0.806	0.4786669040219471
0.807	0.4792972561350353
0.808	0.47992587283719257
0.809	0.4805527526762205
0.81	0.48117789425598034
0.811	0.48180129626423096
0.812	0.4824229574543203
0.8130000000000001	0.48304287664952195
0.8140000000000001	0.48366105274292015
0.8150000000000001	0.48427748459694736
0.8160000000000001	0.4848921714472769
0.8170000000000001	0.48550511229428833
0.8180000000000001	0.4861163063089683
0.8190000000000001	0.4867257527314224
0.8200000000000001	0.4873334508707289
0.8210000000000001	0.4879394001047879
0.8220000000000001	0.48854359993206337
0.8230000000000001	0.4891460497526176
0.8240000000000001	0.48974674921248673
0.8250000000000001	0.4903456979634859
0.8260000000000001	0.4909428957254284
0.8270000000000001	0.49153834228594007
0.8280000000000001	0.49213203750026996
0.8290000000000001	0.4927239812910926
0.8300000000000001	0.493314173648308
0.8310000000000001	0.4939026146288354
0.8320000000000001	0.49448930435640215
0.8330000000000001	0.49507424302132874
0.834	0.49565743088030756
0.835	0.4962388682561773
0.836	0.4968185555376939
0.837	0.4973964931792946
0.838	0.4979726817008594
0.839	0.49854712168746657
0.84	0.4991198137891444
0.841	0.49969075872061874
0.842	0.5002599572610555
0.843	0.500827410253799
0.844	0.5013931186061066
0.845	0.50195708328888
0.846	0.5025193053363917
0.847	0.5030797858460062
0.848	0.5036385259779009
0.849	0.5041955269547805
0.85	0.5047507900615877
0.851	0.5053043166452098
0.852	0.505856108114178
0.853	0.5064061659383658
0.854	0.5069544916486742
0.855	0.5075010868367144
0.856	0.5080459531544816
0.857	0.5085890923140254
0.858	0.5091305060871136
0.859	0.5096701963049017
0.86	0.5102081648576071
0.861	0.5107444136941964
0.862	0.5112789448187643
0.863	0.5118117603055848
0.864	0.5123428622738998
0.865	0.5128722529046654
0.866	0.5133999344087687
0.867	0.5139259091215373
0.868	0.5144501793923664
0.869	0.5149727476191002
0.87	0.5154936162632593
0.871	0.5160127878412872
0.872	0.5165302649198251
0.873	0.5170460501165497
0.874	0.5175601462656892
0.875	0.5180725558737498
0.876	0.5185832818259949
0.877	0.5190923269673797
0.878	0.5195996941922589
0.879	0.5201053864484049
0.88	0.5206094067355338
0.881	0.5211117581049508
0.882	0.521612443622927
0.883	0.5221114665180633
0.884	0.5226088299705822
0.885	0.5231045372222053
0.886	0.5235985915740808
0.887	0.5240909963611416
0.888	0.5245817550082477
0.889	0.5250708709619628
0.89	0.5255583477208438
0.891	0.5260441888311207
0.892	0.5265283978893103
0.893	0.5270109785233505
0.894	0.5274919344328307
0.895	0.5279712693504649
0.896	0.5284489870508102
0.897	0.528925091360934
0.898	0.5293995861427251
0.899	0.5298724752539419
0.9	0.5303437628622476
0.901	0.5308134527348821
0.902	0.5312815490238726
0.903	0.531748055773402
0.904	0.5322129771321008
0.905	0.5326763172350005
0.906	0.5331382647006613
0.907	0.533523079319179
0.908	0.5319685580166063
0.909	0.5305325398270487
0.91	0.5291000060638651
0.911	0.527670800935101
0.912	0.5262449192622298
0.913	0.524822355831952
0.914	0.5234031055241438
0.915	0.5219871632155041
0.916	0.5205745237986683
0.917	0.5191651821858783
0.918	0.5177591332998696
0.919	0.51635637206899
0.92	0.5149568934937704
0.921	0.513560692548457
0.922	0.5121677641771452
0.923	0.5107781032316889
0.924	0.5093917052030004
0.925	0.5080085647716266
0.926	0.5066286770167509
0.927	0.5052520370497148
0.928	0.5038786399600466
0.929	0.5025084808473277
0.93	0.5011415548125485
0.931	0.49977785701850697
0.932	0.4984173825656724
0.933	0.4970601266364764
0.934	0.49570608440799824
0.935	0.4943552510715038
0.936	0.49300762183252445
0.937	0.49166319191110625
0.9380000000000001	0.4903219565419801
0.9390000000000001	0.4889839109745996
0.9400000000000001	0.48764905047307505
0.9410000000000001	0.48631737031606564
0.9420000000000001	0.4849888657966686
0.9430000000000001	0.48366353222232017
0.9440000000000001	0.4823413649147149
0.9450000000000001	0.48102235920972947
0.9460000000000001	0.47970651045735396
0.9470000000000001	0.4783938140216225
0.9480000000000001	0.47708426528054515
0.9490000000000001	0.47577785962603864
0.9500000000000001	0.47447459246385454
0.9510000000000001	0.4731744592135127
0.9520000000000001	0.4718774553082282
0.9530000000000001	0.4705835761948443
0.9540000000000001	0.46929281733376266
0.9550000000000001	0.46800517412746817
0.9560000000000001	0.46672064218577036
0.9570000000000001	0.4654392169612379
0.9580000000000001	0.46416089396896687
0.9590000000000001	0.46288566884797216
0.9600000000000001	0.4616135369250857
0.961	0.4603444938501119
0.962	0.4590785351895835
0.963	0.45781565652303646
0.964	0.4565558534428978
0.965	0.45529912155439717
0.966	0.4540454564754917
0.967	0.4527948538367998
0.968	0.4515473066938996
0.969	0.4503028164659919
0.97	0.44906137551519104
0.971	0.4478229795502373
0.972	0.4465876251965094
0.973	0.4453553061432066
0.974	0.44412601929372475
0.975	0.44289976037774237
0.976	0.4416765251370424
0.977	0.440456309325452
0.978	0.4392391087087788
0.979	0.4380249190647503
0.98	0.4368137361443736
0.981	0.4356055558241775
0.982	0.4344003738806799
0.983	0.43319818613866923
0.984	0.43199898843454476
0.985	0.4308027766162559
0.986	0.42960954647893046
0.987	0.42841929400748313
0.988	0.4272320150380793
0.989	0.4260477054643841
0.99	0.424866361291738
0.991	0.4236879782356527
0.992	0.4225125523189581
0.993	0.42134007947724766
0.994	0.42017055566489053
0.995	0.4190039768397919
0.996	0.41784033897297324
0.997	0.4166796381220067
0.998	0.41552187012969005
0.999	0.4143670310733754
1.	0.41321511696707025
1.001	0.4120661238353789
1.002	0.4109200477134445
1.003	0.4097768846468947
1.004	0.4086366306917829
1.005	0.40749928191453244
1.006	0.40636483439188054
1.007	0.4052332842108212
1.008	0.4041046274685491
1.009	0.4029788602724045
1.01	0.4018559787398152
1.011	0.4007359789982433
1.012	0.39961885718512735
1.013	0.3985046094478285
1.014	0.39739323194357395
1.015	0.39628472083973176
1.016	0.39517907231241106
1.017	0.39407628254846794
1.018	0.3929763477440464
1.019	0.3918792641048844
1.02	0.39078502784625735
1.021	0.38969363519292577
1.022	0.3886050823773299
1.023	0.38751936564400347
1.024	0.38643648124712904
1.025	0.3853564254486538
1.0259999999999998	0.3842791945200559
1.027	0.38320478474182573
1.0279999999999998	0.382133192403658
1.029	0.381064413815401
1.0299999999999998	0.3799984452622878
1.031	0.3789352830719268
1.0319999999999998	0.3778749235698825
1.033	0.37681736309056657
1.0339999999999998	0.3757625979771872
1.035	0.3747106245816958
1.0359999999999998	0.37366143926473594
1.037	0.3726150383955922
1.0379999999999998	0.37157141835213797
1.039	0.37053057552078406
1.0399999999999998	0.3694925062964287
1.041	0.36845720708240504
1.0419999999999998	0.36742467429043163
1.043	0.3663949043405604
1.0439999999999998	0.36536789366112754
1.045	0.3643436386887011
1.0459999999999998	0.3633221358680332
1.047	0.36230338165200715
1.0479999999999998	0.3612873725015897
1.049	0.36027410488577943
1.0499999999999998	0.3592635752815581
1.051	0.35825578017384024
1.0519999999999998	0.3572507160554247
1.053	0.3562483794269429
1.0539999999999998	0.35524876679681294
1.055	0.3542518746811876
1.0559999999999998	0.35325769960390685
1.057	0.3522662380964482
1.0579999999999998	0.35127748669938896
1.059	0.3502914419562593
1.0599999999999998	0.34930810042271243
1.061	0.3483274586602936
1.0619999999999998	0.3473495132379436
1.063	0.34637426073194866
1.0639999999999998	0.3454016977258946
1.065	0.34443182081061685
1.0659999999999998	0.3434646265841548
1.067	0.34250011165170163
1.0679999999999998	0.34153827262555925
1.069	0.34057910612508846
1.0699999999999998	0.33962260877666384
1.071	0.3386687772136244
1.0719999999999998	0.33771760807622797
1.073	0.33676909801160315
1.0739999999999998	0.33582324367370336
1.075	0.3348800417232586
1.0759999999999998	0.3339394888277303
1.077	0.33300158166126315
1.0779999999999998	0.33206631690464
1.079	0.33113369124523384
1.0799999999999998	0.3302037013769631
1.081	0.3292763440002437
1.0819999999999999	0.3283516158219448
1.083	0.32742951355534056
1.0839999999999999	0.3265100339200664
1.085	0.32559317364207063
1.0859999999999999	0.32467892945357146
1.087	0.3237672980930089
1.0879999999999999	0.3228582763050007
1.089	0.3219518608402954
1.0899999999999999	0.321048048455729
1.091	0.3201468359141772
1.0919999999999999	0.319248219984512
1.093	0.31835219744155546
1.0939999999999999	0.31745876506603565
1.095	0.31656791964453984
1.0959999999999999	0.31567965796947195
1.097	0.314793976839697
1.0979999999999999	0.3139108730577376
1.099	0.3130303434338609
1.0999999999999999	0.3121523847832847
1.101	0.31127699392681873
1.1019999999999999	0.31040416769082074
1.103	0.3095339029071513
1.1039999999999999	0.30866619641313087
1.105	0.30780104505149386
1.1059999999999999	0.30693844567034617
1.107	0.30607839512311974
1.1079999999999999	0.30522089026853017
1.109	0.3043659279705309
1.1099999999999999	0.3035135050982714
1.111	0.3026636185260515
1.1119999999999999	0.30181626513327925
1.113	0.30097144180442625
1.1139999999999999	0.3001291454289852
1.115	0.29928937290142504
1.1159999999999999	0.2984521211211488
1.117	0.2976173869924493
1.1179999999999999	0.2967851674244668
1.119	0.29595545933114503
1.1199999999999999	0.2951282596311886
1.121	0.29430356524801904
1.1219999999999999	0.29348137310973327
1.123	0.292661680149059
1.1239999999999999	0.29184448330331353
1.125	0.2910297795143588
1.126	0.29021756572856133
1.127	0.28940783889674654
1.128	0.288600595974159
1.129	0.2877958339204171
1.13	0.28699354969947316
1.131	0.2861937402795685
1.132	0.2853964026331933
1.133	0.2846015337370421
1.134	0.2838091303155723
1.135	0.28301918989411223
1.136	0.28223170917457385
1.137	0.28144668533340156
1.138	0.2806641149830274
1.139	0.27988399532899555
1.14	0.2791063222464426
1.141	0.27833109496437236
1.142	0.2775583106137677
1.143	0.2767879638330935
1.144	0.2760200528117845
1.145	0.2752545745737154
1.146	0.2744915261464215
1.147	0.27373090456105553
1.148	0.27297270685234637
1.149	0.27221693005855785
1.15	0.2714635712214474
1.151	0.27071262738622337
1.152	0.26996409560150564
1.153	0.26921797291928234
1.154	0.26847425639486966
1.1549999999999998	0.2677329430868702
1.156	0.26699403005713146
1.1569999999999998	0.26625751437070566
1.158	0.2655233930958071
1.1589999999999998	0.26479166330377246
1.16	0.2640623220690187
1.1609999999999998	0.2633353664690027
1.162	0.2626107935841799
1.1629999999999998	0.26188860049796375
1.164	0.26116878429668383
1.1649999999999998	0.26045134206954673
1.166	0.259736270908593
1.1669999999999998	0.25902356790865855
1.168	0.258313230167332
1.1689999999999998	0.25760525478491564
1.17	0.2568996388643832
1.1709999999999998	0.2561963795113406
1.172	0.2554954738339838
1.1729999999999998	0.25479691894306034
1.174	0.2541007119518263
1.1749999999999998	0.2534068499760078
1.176	0.25271533013375963
1.1769999999999998	0.25202614954562486
1.178	0.25133930533449444
1.1789999999999998	0.25065479462556745
1.18	0.24997261454630948
1.1809999999999998	0.24929276222641372
1.182	0.24861523479775963
1.1829999999999998	0.2479400293943736
1.184	0.24726714315238746
1.1849999999999998	0.24659657321000017
1.186	0.24592831670743545
1.1869999999999998	0.24526237078690388
1.188	0.24459873259256099
1.1889999999999998	0.24393739927046842
1.19	0.24327836796855304
1.1909999999999998	0.24262163583656784
1.192	0.2419672000260511
1.1929999999999998	0.24131505769028697
1.194	0.24066520598426533
1.1949999999999998	0.24001764206464232
1.196	0.23937236308969959
1.1969999999999998	0.23872936621930577
1.198	0.2380886486148754
1.1989999999999998	0.2374502074393301
1.2	0.23681403985705804
1.2009999999999998	0.23618014303387536
1.202	0.2355485141369849
1.2029999999999998	0.23491915033493832
1.204	0.23429204879759472
1.2049999999999998	0.23366720669608274
1.206	0.23304462120275926
1.2069999999999999	0.2324242894911716
1.208	0.23180620873601646
1.2089999999999999	0.2311903761131016
1.21	0.23057678879930538
1.2109999999999999	0.22996544397253832
1.212	0.22935633881170267
1.2129999999999999	0.228749470496654
1.214	0.22814483620816098
1.2149999999999999	0.2275424331278668
1.216	0.2269422584382488
1.2169999999999999	0.22634430932258096
1.218	0.22574858296489234
1.2189999999999999	0.22515507654993003
1.22	0.22456378726311832
1.2209999999999999	0.22397471229052057
1.222	0.2233878488187993
1.2229999999999999	0.22280319403517782
1.224	0.22222074512740023
1.2249999999999999	0.22164049928369328
1.226	0.22106245369272645
1.2269999999999999	0.22048660554512708
1.228	0.21991295202716596
1.2289999999999999	0.2193414903302195
1.23	0.21877221764433974
1.2309999999999999	0.21820513115982773
1.232	0.21764022806719321
1.2329999999999999	0.21707750555711697
1.234	0.21651696082041083
1.2349999999999999	0.21595859104798024
1.236	0.21540239343078393
1.2369999999999999	0.21484836515979655
1.238	0.21429650342596868
1.2389999999999999	0.2137468054201893
1.24	0.213199268333246
1.2409999999999999	0.21265388935578744
1.242	0.21211066567828335
1.2429999999999999	0.21156959449098767
1.244	0.21103067298389822
1.2449999999999999	0.21049389834671955
1.246	0.20995926776882318
1.2469999999999999	0.20942677843921054
1.248	0.20889642754647303
1.2489999999999999	0.2083682122787549
1.25	0.2078421298237137
1.251	0.2073181773684828
1.252	0.20679635209963257
1.253	0.20627665120313235
1.254	0.20575907186431172
1.255	0.20524361126782303
1.256	0.2047302665976021
1.257	0.20421903503683125
1.258	0.2037099137679001
1.259	0.20320289997236807
1.26	0.20269799083092602
1.261	0.20219518352335836
1.262	0.20169447522850487
1.263	0.2011958631239079
1.264	0.20069934438702508
1.265	0.20020491619333036
1.266	0.19971257571750547
1.267	0.1992223201330984
1.268	0.19873414661248467
1.269	0.19824805232683074
1.27	0.197764034446055
1.271	0.1972820901387911
1.272	0.19680221657234928
1.273	0.19632441091268005
1.274	0.1958486703243351
1.275	0.1953749919704312
1.276	0.19490337301261132
1.277	0.19443381061100856
1.278	0.19396630192420727
1.279	0.19350084410920698
1.28	0.19303743432138412
1.281	0.1925760697144554
1.2819999999999998	0.19211674744043994
1.283	0.1916594646496224
1.2839999999999998	0.1912042184905161
1.285	0.1907510061098249
1.2859999999999998	0.1902998246524075
1.287	0.18985067126123933
1.2879999999999998	0.18940354307737614
1.289	0.18895843723991648
1.2899999999999998	0.18851535088596574
1.291	0.1880742811505984
1.2919999999999998	0.187635225166822
1.293	0.18719818006553948
1.2939999999999998	0.18676314297551375
1.295	0.1863301110233298
1.2959999999999998	0.1858990813333592
1.297	0.1854700510305237
1.2979999999999998	0.18504301722920882
1.299	0.18461797704957833
1.2999999999999998	0.18419492760678363
1.301	0.18377386601358
1.3019999999999998	0.18335478938029076
1.303	0.18293769481477057
1.3039999999999998	0.18252257942237018
1.305	0.18210944030589926
1.3059999999999998	0.1816982745619484
1.307	0.18128907929515883
1.3079999999999998	0.18088184876479813
1.309	0.1804765885601164
1.3099999999999998	0.1800732872737209
1.311	0.17967194482474538
1.3119999999999998	0.17927255829721256
1.313	0.17887512477231787
1.3139999999999998	0.1784796413283954
1.315	0.1780861050408812
1.3159999999999998	0.17769451298227912
1.317	0.17730486222212477
1.3179999999999998	0.17691714982695086
1.319	0.17653137286025167
1.3199999999999998	0.17614752838244865
1.321	0.17576561345085454
1.3219999999999998	0.1753856251196398
1.323	0.17500756043979657
1.3239999999999998	0.17463141645910496
1.325	0.1742571902220977
1.3259999999999998	0.1738848787700263
1.327	0.1735144791408259
1.3279999999999998	0.17314598836908185
1.329	0.1727794034859942
1.3299999999999998	0.1724147215193449
1.331	0.17205193949346248
1.3319999999999999	0.17169105442918917
1.333	0.1713320633438458
1.3339999999999999	0.17097496325119935
1.335	0.17061975116142808
1.3359999999999999	0.17026642408108866
1.337	0.16991497901308206
1.3379999999999999	0.16956541295662106
1.339	0.16921772290719558
1.3399999999999999	0.16887190585654094
1.341	0.16852795879260365
1.3419999999999999	0.168185878699509
1.343	0.1678456625575279
1.3439999999999999	0.16750730734304425
1.345	0.1671708100285223
1.3459999999999999	0.16683616758247385
1.347	0.16650337696942608
1.3479999999999999	0.166172435149889
1.349	0.1658433390803233
1.3499999999999999	0.1655160857131086
1.351	0.16519067199651077
1.3519999999999999	0.16486709487465062
1.353	0.164545351288424
1.3539999999999999	0.1642254381716643
1.355	0.1639073524568152
1.3559999999999999	0.16359109107110087
1.357	0.16327665093744226
1.3579999999999999	0.1629640289744271
1.359	0.1626532220962781
1.3599999999999999	0.16234422721282277
1.361	0.16203704122946205
1.3619999999999999	0.16173166104714046
1.363	0.16142808356231497
1.3639999999999999	0.16112630566692554
1.365	0.16082632424836413
1.3659999999999999	0.16052813618944556
1.367	0.16023173836837679
1.3679999999999999	0.15993712765872814
1.369	0.1596443009294029
1.3699999999999999	0.15935325504460865
1.371	0.15906398686382758
1.3719999999999999	0.15877649324178772
1.373	0.1584907710284336
1.3739999999999999	0.15820681706889805
1.375	0.15792462820347314
1.376	0.15764420126758197
1.377	0.15736553309175044
1.378	0.15708862050157907
1.379	0.15681346031771506
1.38	0.1565400493558247
1.381	0.15626838442656543
1.382	0.15599846233555892
1.383	0.15573027988336352
1.384	0.15546383386544732
1.385	0.15519912107216124
1.386	0.15493613828871258
1.387	0.15467488229513812
1.388	0.1544153498662783
1.389	0.15415753777175062
1.39	0.15390144277592424
1.391	0.15364706163789388
1.392	0.15339439111145453
1.393	0.15314342794507593
1.394	0.15289416888187776
1.395	0.15264661065960422
1.396	0.1524007500106001
1.397	0.15215658366178547
1.398	0.15191410833463193
1.399	0.15167332074513834
1.4	0.15143421760380715
1.401	0.15119679561562033
1.402	0.15096105148001673
1.403	0.150726981890868
1.404	0.15049458353645628
1.405	0.15026385309945126
1.406	0.15003478725688754
1.407	0.14980738268014265
1.408	0.1495816360349147
1.4089999999999998	0.14935754398120085
1.41	0.14913510317327572
1.4109999999999998	0.14891431025966984
1.412	0.14869516188314877
1.4129999999999998	0.14847765468069252
1.414	0.1482617852834744
1.4149999999999998	0.14804755031684125
1.416	0.14783494640029304
1.4169999999999998	0.14762397014746337
1.418	0.14741461816609952
1.4189999999999998	0.1472068870580437
1.42	0.14700077341921353
1.4209999999999998	0.1467962738395836
1.422	0.14659338490316684
1.4229999999999998	0.14639210318799664
1.424	0.14619242526610837
1.4249999999999998	0.1459943477035224
1.426	0.14579786706022607
1.4269999999999998	0.14560297989015716
1.428	0.14540968274118682
1.4289999999999998	0.1452179721551032
1.43	0.14502784466759494
1.4309999999999998	0.14483929680823598
1.432	0.14465232510046894
1.4329999999999998	0.14446692606159062
1.434	0.1442830962027366
1.4349999999999998	0.14410083202886675
1.436	0.14392013003875057
1.4369999999999998	0.14374098672495333
1.438	0.14356339857382222
1.4389999999999998	0.14338736206547303
1.44	0.1432128736737765
1.4409999999999998	0.1430399298663464
1.442	0.1428685271045262
1.4429999999999998	0.14269866184337732
1.444	0.14253033053166736
1.4449999999999998	0.14236352961185833
1.446	0.14219825552009568
1.4469999999999998	0.14203450468619752
1.448	0.14187227353398166
1.4489999999999998	0.14171155847990596
1.45	0.14155235593508123
1.4509999999999998	0.14139466230391462
1.452	0.14123847398443692
1.4529999999999998	0.1410837873682942
1.454	0.1409305988407387
1.4549999999999998	0.14077890478062166
1.456	0.1406287015603852
1.4569999999999999	0.14047998554605506
1.458	0.14033275309723373
1.4589999999999999	0.14018700056709443
1.46	0.14004272430237397
1.4609999999999999	0.13989992064336804
1.462	0.13975858592392498
1.4629999999999999	0.13961871647144153
1.464	0.13948030860685734
1.4649999999999999	0.13934335864465158
1.466	0.13920786289283885
1.4669999999999999	0.13907381765296534
1.468	0.13894121922010652
1.4689999999999999	0.1388100638828639
1.47	0.13868034792336315
1.4709999999999999	0.13855206761725208
1.472	0.13842521923369944
1.4729999999999999	0.1382997990353939
1.474	0.13817580327854323
1.4749999999999999	0.13805322821287452
1.476	0.13793207008163405
1.4769999999999999	0.13781232512158859
1.478	0.13769398956302567
1.4789999999999999	0.13757705962975603
1.48	0.13746153153911486
1.4809999999999999	0.1373474015019649
1.482	0.13723466572269857
1.4829999999999999	0.13712332039924202
1.484	0.13701336172305842
1.4849999999999999	0.13690478587915228
1.486	0.13679758904607406
1.4869999999999999	0.13669176739592553
1.488	0.1365873170943649
1.4889999999999999	0.13648423430061316
1.49	0.1363825151674607
1.4909999999999999	0.1362821558412738
1.492	0.13618315246200227
1.4929999999999999	0.13608550116318777
1.494	0.13598919807197118
1.4949999999999999	0.13589423930910247
1.496	0.13580062098894954
1.4969999999999999	0.13570833921950792
1.498	0.1356173901024113
1.4989999999999999	0.13552776973294214
1.5	0.135439474200043
1.501	0.13535249958632817
1.502	0.1352668419680962
1.503	0.1351824974153424
1.504	0.135099461991772
1.505	0.1350177317548143
1.506	0.13493730275563628
1.507	0.1348581710391582
1.508	0.1347803326440679
1.509	0.13470378360283752
1.51	0.1346285199417389
1.511	0.13455453768086126
1.512	0.1344818328341278
1.513	0.13441040140931396
1.514	0.13434023940806578
1.515	0.13427134282591852
1.516	0.1342037076523165
1.517	0.1341373298706327
1.518	0.13407220545818954
1.519	0.13400833038627966
1.52	0.13394570062018765
1.521	0.13388431211921223
1.522	0.13382416083668866
1.523	0.1337652427200123
1.524	0.13370755371071422
1.525	0.13365108974427822
1.526	0.13359584675047462
1.527	0.13354182065318132
1.528	0.1334890073704602
1.529	0.133437402814584
1.53	0.13338700289206307
1.531	0.13333780350367314
1.532	0.1332898005444835
1.533	0.13324298990388597
1.534	0.1331973674656239
1.535	0.13315292910782228
1.536	0.13310967070301813
1.537	0.13306758811819164
1.5379999999999998	0.1330266772147977
1.539	0.1329869338487981
1.5399999999999998	0.13294835387069437
1.541	0.13291093312556118
1.5419999999999998	0.13287466745308002
1.543	0.13283955268757394
1.5439999999999998	0.1328055829656379
1.545	0.1327727591881982
1.5459999999999998	0.13274107209650107
1.547	0.1327105191961973
1.5479999999999998	0.1326810962953557
1.549	0.1326527991969061
1.5499999999999998	0.1326256236986777
1.551	0.13259956559343863
1.5519999999999998	0.1325746206689357
1.553	0.1325507847079344
1.5539999999999998	0.13252805348826074
1.555	0.13250642278284186
1.5559999999999998	0.13248588835974903
1.557	0.13246644598224008
1.5579999999999998	0.13244809140880298
1.559	0.13243082039319956
1.5599999999999998	0.1324146286845106
1.561	0.13239951202718056
1.5619999999999998	0.1323854661610637
1.563	0.1323724868214703
1.5639999999999998	0.13236056973921403
1.565	0.13234971064065912
1.5659999999999998	0.1323399052477687
1.567	0.13233114927815431
1.5679999999999998	0.13232343844512423
1.569	0.13231676845773427
1.5699999999999998	0.13231113502083847
1.571	0.13230653383513993
1.5719999999999998	0.13230296059724309
1.573	0.13230041099970596
1.5739999999999998	0.1322988807310933
1.575	0.13229836547603047
1.5759999999999998	0.13229886091525744
1.577	0.132300362725684
1.5779999999999998	0.132302866580445
1.579	0.13230636814895674
1.5799999999999998	0.13231086309697365
1.581	0.13231634708664547
1.5819999999999999	0.1323228157765753
1.583	0.13233026482187826
1.5839999999999999	0.13233868987424063
1.585	0.13234808658197933
1.5859999999999999	0.1323584505901027
1.587	0.13236977754037116
1.5879999999999999	0.13238206307135902
1.589	0.13239530281851647
1.5899999999999999	0.1324094924142324
1.591	0.13242462748789785
1.5919999999999999	0.13244070366597002
1.593	0.13245771657203662
1.5939999999999999	0.13247566182688134
1.595	0.13249453504854936
1.5959999999999999	0.13251433185241374
1.597	0.13253504785124268
1.5979999999999999	0.1325566786552666
1.599	0.13257921987224658
1.5999999999999999	0.13260266710754293
1.601	0.1326270159641847
1.6019999999999999	0.13265226204293926
1.603	0.1326784009423831
1.6039999999999999	0.1327054282589725
1.605	0.13273333958711572
1.6059999999999999	0.13276213051924457
1.607	0.13279179664588764
1.6079999999999999	0.13282233355574347
1.609	0.1328537368357546
1.6099999999999999	0.13288600207118204
1.611	0.13291912484567997
1.6119999999999999	0.13295310074137198
1.613	0.13298792533892695
1.6139999999999999	0.13302359421763565
1.615	0.1330601029554883
1.6159999999999999	0.1330974471292523
1.617	0.13313562231455067
1.6179999999999999	0.1331746240859408
1.619	0.1332144480169945
1.6199999999999999	0.13325508968037733
1.621	0.13329654464792962
1.6219999999999999	0.13333880849074747
1.623	0.1333818767792645
1.6239999999999999	0.1334257450833337
1.625	0.13347040897231066
1.626	0.1335158640151361
1.627	0.13356210578042038
1.628	0.13360912983652698
1.629	0.133656931751658
1.63	0.1337055070939387
1.631	0.13375485143150395
1.632	0.13380496033258402
1.633	0.13385582936559165
1.634	0.1339074540992091
1.635	0.13395983010247603
1.636	0.13401295294487764
1.637	0.13406681819643346
1.638	0.13412142142778655
1.639	0.1341767582102929
1.64	0.13423282411611215
1.641	0.13428961471829728
1.642	0.1343471255908865
1.643	0.13440535230899414
1.644	0.13446429044890318
1.645	0.13452393558815684
1.646	0.13458428330565209
1.647	0.1346453291817326
1.648	0.13470706879828226
1.649	0.13476949773881974
1.65	0.13483261158906926
1.651	0.1348964059351784
1.652	0.13496087636658594
1.653	0.13502601847429765
1.654	0.1350918278514303
1.655	0.1351583000933083
1.656	0.13522543079756036
1.657	0.13529321556421736
1.658	0.13536164999580916
1.659	0.13543072969746328
1.66	0.13550045027700292
1.661	0.1355708073450458
1.662	0.13564179651510322
1.663	0.13571341340367937
1.664	0.13578565363037118
1.665	0.13585851281796846
1.666	0.135931986592554
1.6669999999999998	0.1360060705836047
1.668	0.13608076042409212
1.6689999999999998	0.1361560517493377
1.67	0.13623194020204593
1.6709999999999998	0.13630842142508853
1.672	0.13638549106643283
1.6729999999999998	0.1364631447780505
1.674	0.13654137821602053
1.6749999999999998	0.13662018704063197
1.676	0.1366995669164871
1.6769999999999998	0.13677951351260523
1.678	0.13686002250252619
1.6789999999999998	0.13694108956441436
1.68	0.13702271038116293
1.6809999999999998	0.1371048806404982
1.682	0.13718759603508443
1.6829999999999998	0.1372708522626282
1.684	0.13735464502598407
1.6849999999999998	0.13743897003325922
1.686	0.13752382299791918
1.6869999999999998	0.13760919963889343
1.688	0.13769509568068067
1.6889999999999998	0.13778150685345542
1.69	0.13786842889317344
1.6909999999999998	0.13795585754167802
1.692	0.1380437885468069
1.6929999999999998	0.13813221766249767
1.694	0.1382211406488954
1.6949999999999998	0.13831055327245828
1.696	0.13840045130606532
1.6969999999999998	0.1384908305291226
1.698	0.13858168672767046
1.6989999999999998	0.13867301569449056
1.7	0.1387648132292127
1.7009999999999998	0.1388570751384223
1.702	0.1389497972357675
1.7029999999999998	0.1390429753420663
1.704	0.1391366052854139
1.7049999999999998	0.1392306829012902
1.706	0.13932520403266668
1.7069999999999999	0.13942016453011424
1.708	0.1395155602519103
1.7089999999999999	0.13961138706414605
1.71	0.13970764084083395
1.7109999999999999	0.1398043174637658
1.712	0.1399014128236194
1.7129999999999999	0.13999892281856202
1.714	0.14009684335536352
1.7149999999999999	0.14019517034925058
1.716	0.1402938997240144
1.7169999999999999	0.140393027412117
1.718	0.1404925493547988
1.7189999999999999	0.14059246150218485
1.72	0.1406927598133916
1.7209999999999999	0.14079344025663376
1.722	0.14089449880933025
1.7229999999999999	0.1409959314582109
1.724	0.14109773419942237
1.7249999999999999	0.14119990303863428
1.726	0.14130243399114495
1.7269999999999999	0.14140532308198706
1.728	0.1415085663460335
1.7289999999999999	0.14161215982810219
1.73	0.1417160995830615
1.7309999999999999	0.1418203816759351
1.732	0.14192500218200663
1.7329999999999999	0.14202995718692424
1.734	0.14213524278680484
1.7349999999999999	0.14224085508833817
1.736	0.14234679020889027
1.7369999999999999	0.14245304427660743
1.738	0.14255961343051898
1.7389999999999999	0.14266649382064078
1.74	0.14277368160807724
1.7409999999999999	0.14288117296512426
1.742	0.1429889640753711
1.7429999999999999	0.143097051133802
1.744	0.143205430346898
1.7449999999999999	0.14331409793273756
1.746	0.14342305012109777
1.7469999999999999	0.14353228315355454
1.748	0.14364179328358279
1.7489999999999999	0.143751576776656
1.75	0.14386162991034587
1.751	0.14397194897442067
1.752	0.14408253027094448
1.753	0.14419337011437475
1.754	0.14430446483166043
1.755	0.14441581076233925
1.756	0.14452740425863442
1.757	0.14463924168555115
1.758	0.1447513194209728
1.759	0.14486363385575624
1.76	0.14497618139382717
1.761	0.14508895845227443
1.762	0.14520196146144454
1.763	0.14531518686503492
1.764	0.14542863112018756
1.765	0.14554229069758107
1.766	0.1456561620815235
1.767	0.14577024177004314
1.768	0.1458845262749805
1.769	0.14599901212207822
1.77	0.1461136958510712
1.771	0.14622857401577638
1.772	0.1463436431841812
1.773	0.146458899938532
1.774	0.14657434087542223
1.775	0.14668996260587874
1.776	0.14680576175544924
1.777	0.14692173496428762
1.778	0.1470378788872395
1.779	0.1471541901939271
1.78	0.14727066556883311
1.781	0.14738730171134928
1.782	0.1475040953359922
1.783	0.1476210431722964
1.784	0.1477381419650151
1.785	0.1478553884741731
1.786	0.1479727794751467
1.787	0.14809031175874326
1.788	0.1482079821312803
1.789	0.14832578741466346
1.79	0.14844372444646384
1.791	0.14856179007999482
1.792	0.14867998118438827
1.793	0.14879829464466954
1.7939999999999998	0.14891672736183242
1.795	0.14903527625291246
1.7959999999999998	0.14915393825106063
1.797	0.1492727103056155
1.7979999999999998	0.14939158938217462
1.799	0.14951057246266566
1.7999999999999998	0.14962965654541646
1.801	0.1497488386452243
1.8019999999999998	0.14986811579342452
1.803	0.14998748503795806
1.8039999999999998	0.15010694344343903
1.805	0.15022648809121986
1.8059999999999998	0.15034611607945803
1.807	0.15046582452317955
1.8079999999999998	0.15058561055434316
1.809	0.15070547132190354
1.8099999999999998	0.15082540399187286
1.811	0.1509454057473826
1.8119999999999998	0.15106547378874408
1.813	0.15118560533350744
1.8139999999999998	0.15130579761652127
1.815	0.1514260478899901
1.8159999999999998	0.1515463534235317
1.817	0.15166671150423322
1.8179999999999998	0.15178711943670656
1.819	0.15190757454314327
1.8199999999999998	0.15202807416336755
1.821	0.15214861565488988
1.8219999999999998	0.15226919639295802
1.823	0.15238981377060906
1.8239999999999998	0.1525104651987186
1.825	0.15263114810605083
1.8259999999999998	0.15275185993930618
1.827	0.15287259816316945
1.8279999999999998	0.15299336026035604
1.829	0.1531141437316576
1.8299999999999998	0.15323494609598703
1.831	0.15335576489042219
1.8319999999999999	0.15347659767024877
1.833	0.1535974420090025
1.8339999999999999	0.15371829545407306
1.835	0.15383915570675694
1.8359999999999999	0.1539600203490571
1.837	0.15408088706502993
1.8379999999999999	0.1542017534430314
1.839	0.15432261720666196
1.8399999999999999	0.15444347605830672
1.841	0.15456432771890374
1.8419999999999999	0.15468516992797798
1.843	0.15480600044367362
1.8439999999999999	0.15492681704278616
1.845	0.15504761752079305
1.8459999999999999	0.15516839969188387
1.847	0.15528916138898918
1.8479999999999999	0.15540990046380848
1.849	0.15553061478683727
1.8499999999999999	0.15565130224739343
1.851	0.155771960753642
1.8519999999999999	0.15589258823261973
1.853	0.1560131826302581
1.8539999999999999	0.1561337419114057
1.855	0.15625426405984996
1.8559999999999999	0.15637474707833685
1.857	0.15649518898859094
1.8579999999999999	0.1566155878313335
1.859	0.1567359416663004
1.8599999999999999	0.15685624857225822
1.861	0.15697650664702034
1.8619999999999999	0.15709671400746136
1.863	0.15721686878953073
1.8639999999999999	0.15733696914826595
1.865	0.15745701325780376
1.8659999999999999	0.1575769993113913
1.867	0.15769692552139628
1.8679999999999999	0.1578167901193152
1.869	0.1579365913557822
1.8699999999999999	0.1580563275005753
1.871	0.15817599684262315
1.8719999999999999	0.1582955976900096
1.873	0.15841512836997831
1.8739999999999999	0.1585345872289359
1.875	0.15865397263245395
1.876	0.15877328296527068
1.877	0.15889251663129142
1.878	0.15901167205358777
1.879	0.1591307476743961
1.88	0.15924974195511563
1.881	0.15936865337630468
1.882	0.1594874804376764
1.883	0.15960622165809363
1.884	0.1597248755755629
1.885	0.15984344074722734
1.886	0.1599619157493583
1.887	0.1600802991773471
1.888	0.16019858964569464
1.889	0.16031678578800088
1.89	0.16043488625695335
1.891	0.1605528897243144
1.892	0.16067079488090752
1.893	0.1607886004366035
1.894	0.1609063051203048
1.895	0.16102390767992936
1.896	0.16114140688239367
1.897	0.16125880151359473
1.898	0.1613760903783913
1.899	0.16149327230058416
1.9	0.16161034612289538
1.901	0.16172731070694696
1.902	0.16184416493323844
1.903	0.1619609077011238
1.904	0.162077537928787
1.905	0.16219405455321761
1.906	0.16231045653018447
1.907	0.16242674283420944
1.908	0.16254291245853955
1.909	0.162658964415119
1.91	0.16277489773455986
1.911	0.16289071116279877
1.912	0.16300640437217312
1.913	0.16312197614804924
1.914	0.1632374259048457
1.915	0.1633527521489995
1.916	0.16346795432997238
1.917	0.16358303160816465
1.918	0.1636979831623815
1.919	0.1638128081897962
1.92	0.163927505905913
1.9209999999999998	0.16404207554452926
1.922	0.16415651635769604
1.9229999999999998	0.16427082761567893
1.924	0.16438500860691732
1.9249999999999998	0.16449905863798372
1.926	0.16461297703354105
1.9269999999999998	0.16472676313630066
1.928	0.16484041630697865
1.9289999999999998	0.16495393592425142
1.93	0.1650673213847113
1.9309999999999998	0.16518057210282056
1.932	0.16529368751086496
1.9329999999999998	0.16540666705890703
1.934	0.16551951021473787
1.9349999999999998	0.16563221646382909
1.936	0.16574478530928327
1.9369999999999998	0.16585721627178399
1.938	0.16596950888954565
1.9389999999999998	0.1660816627182619
1.94	0.16619367733105384
1.9409999999999998	0.16630555231841704
1.942	0.16641728728816912
1.9429999999999998	0.16652888186539463
1.944	0.16664033569239162
1.9449999999999998	0.16675164842861565
1.946	0.16686281975062411
1.9469999999999998	0.1669738493520197
1.948	0.16708473694339374
1.9489999999999998	0.16719548225226766
1.95	0.16730608502303512
1.9509999999999998	0.16741654501690306
1.952	0.16752686201183198
1.9529999999999998	0.16763703580247563
1.954	0.16774706620012086
1.9549999999999998	0.16785695303262538
1.956	0.16796669614435678
1.9569999999999999	0.16807629539612948
1.958	0.16818575066514174
1.9589999999999999	0.16829506184491247
1.96	0.16840422884521666
1.9609999999999999	0.1685132515920208
1.962	0.16862213002741794
1.9629999999999999	0.16873086410956167
1.964	0.16883945381260002
1.9649999999999999	0.1689478991266085
1.966	0.16905620005752323
1.9669999999999999	0.16916435662707252
1.968	0.16927236887270947
1.9689999999999999	0.16938023684754236
1.97	0.16948796062026605
1.9709999999999999	0.16959554027509174
1.972	0.16970297591167738
1.9729999999999999	0.1698102676450566
1.974	0.16991741560556783
1.9749999999999999	0.17002441993878262
1.976	0.17013128080543383
1.9769999999999999	0.17023799838134318
1.978	0.17034457252470692
1.9789999999999999	0.1704510044392301
1.98	0.17055729334763794
1.9809999999999999	0.17066343981801652
1.982	0.17076944410053135
1.9829999999999999	0.17087530645999366
1.984	0.170981027175785
1.9849999999999999	0.17108660654178215
1.986	0.17119204486628067
1.9869999999999999	0.1712973424719189
1.988	0.17140249969560095
1.9889999999999999	0.17150751688841992
1.99	0.17161239441558032
1.9909999999999999	0.17171713265632046
1.992	0.17182173200383438
1.9929999999999999	0.1719261928651934
1.994	0.1720305156612676
1.9949999999999999	0.17213470082664634
1.996	0.17223874880955964
1.9969999999999999	0.172342660071798
1.998	0.17244643508863283
1.9989999999999999	0.17255007434873598
2.	0.17265357835409972